8.284878896771230572e-01 1.909194055799824818e+00
3.700607820088504862e+00 1.871769191178518810e+00
1.788245051682045617e+00 9.741195370824906608e-02
7.703389365680647360e-01 2.035089537445196939e+00
2.471980138814997563e-01 2.172801080571018506e-02
1.653284723765889197e+00 1.081542490194235873e+00
5.229774334668546576e-01 1.717620848022035851e+00
1.620560897538475320e+00 3.414070154987886019e-01
-1.731731667541656083e-01 2.386011879880282294e+00
1.677600682667204968e+00 -2.205050797354725312e+00
1.348068116287027163e+00 1.513873261231034384e+00
7.008476566759496151e-01 1.605356560700493151e+00
1.885826505262383712e+00 8.105574151339919320e-01
3.296032759148602720e-01 -5.313116720080768296e-01
1.776799345377069184e-01 5.717486292000530934e-01
1.484665041173492295e+00 -4.710368466177907720e-01
6.987005564844298577e-01 2.756890385568437463e+00
7.732918640325038284e-01 6.290480204489924398e-01
-1.022361091909656405e+00 -2.760914969231256233e-01
-5.096129798063242511e-01 2.482859441563360026e+00
1.007687923857960799e+00 1.887800700627819239e+00
-4.916422164620555257e-01 -3.081326148751308835e-01
1.613971282327391954e+00 2.974133383769272942e+00
1.105476720554581016e+00 8.538919615189745072e-01
-1.035392639127010739e-01 1.952681057489448424e+00
2.112077009541702965e-01 1.190641724082306174e+00
-1.463917604184246102e+00 4.089761672826980110e+00
2.456407977876605919e+00 1.491920763968667796e+00
1.011686790169998185e+00 5.974706206277257126e-01
8.194667548143704794e-01 -4.754984323639515065e-01
5.384735616146794968e+00 4.384667102060088695e+00
5.655430608592898700e+00 4.919742105024145218e+00
3.954860154495217550e+00 3.774123953946037613e+00
6.196945255582491541e+00 3.542357585807937248e+00
4.865981919671406253e+00 6.990520474903435755e+00
3.269566367261366402e+00 5.868080443824158721e+00
5.164723152571808917e+00 6.341480159838106090e+00
5.823265618034790592e+00 4.809798068485478417e+00
6.009309732386880043e+00 4.065269666235636237e+00
5.409298528950908569e+00 6.648899906313411989e+00
6.167298661255774306e+00 4.006971312176768052e+00
5.680841402286183950e+00 4.399681772264705693e+00
3.532161220162251425e+00 4.868981651921545861e+00
4.991738005772853093e+00 3.827809592293295093e+00
5.818305156782402676e+00 3.080102051934430207e+00
4.763707000805831093e+00 4.086353993346245161e+00
4.772733319990512868e+00 5.274305928132430488e+00
4.708282798600226471e+00 5.154104332057569238e+00
4.387238470535561596e+00 5.044946865173833395e+00
5.135986118945650603e+00 5.240384974834070064e+00
5.517573248379712858e+00 5.609373327235164020e+00
5.237398876096448497e+00 4.822571395444931852e+00
4.442817716284965357e+00 4.442330558611661040e+00
6.471798753956300665e+00 4.110743810060156989e+00
6.014830761634131662e+00 4.387713580103248745e+00
5.264348660734505359e+00 2.509592227238025330e+00
6.529610742337004226e+00 2.961077991038100432e+00
5.752038437673346216e+00 5.398915143116587601e+00
4.166885142024173483e+00 3.625992390176170588e+00
4.688276504644225184e+00 5.584272444881347219e+00
9.271355768546985843e+00 1.129728403613535104e+00
1.177616493762158001e+01 2.243288206148638775e+00
9.404306945986968813e+00 3.106983451903733151e-01
1.184685068946261310e+01 -2.775105649706490762e-01
9.737197604866921097e+00 3.267845873245458943e+00
9.260158302193332247e+00 7.380918458059162468e-01
8.163208180806353909e+00 3.219545174868943427e+00
1.133558983762125294e+01 2.079998850809413380e+00
1.042713529513580184e+01 7.408707029936757449e-01
8.303227055696590142e+00 1.150740725601629766e+00
9.077829452709476499e+00 -2.548291303593841484e-02
9.815713128172451007e+00 2.421293189725778561e+00
9.943921093048450288e+00 7.764080309058506435e-01
9.768985980294083049e+00 -1.792561351058744368e+00
1.034281160641388553e+01 -2.694729849925114884e-01
1.023926316156206795e+01 1.831623603041712123e+00
1.037543797196961926e+01 5.282750729582824656e-01
1.169619416937693757e+01 -9.498469650907226391e-01
1.134082011490792219e+01 1.787397052059464198e+00
9.129917570447124930e+00 6.150013144576649271e-01
1.015630784795044050e+01 1.535227809770292717e+00
9.386962080581408685e+00 1.181064179589031538e+00
9.834082999374313516e+00 5.049962787365209760e-01
9.815898144902872602e+00 1.265468409305498865e+00
1.002050199828147470e+01 2.499052643637378335e-01
9.605613614300503755e+00 -6.024525351067961942e-01
1.013144873693266490e+01 7.308121123228095151e-01
1.042056323471387280e+01 1.935486518074983842e+00
9.445797505925277449e+00 2.719651436640916131e+00
1.048674521711514451e+01 1.057255786966994515e+00
